1,3325.120,1.6400e+02
2,3327.193,1.6400e+02
3,3330.477,1.6400e+02
4,3333.129,1.6400e+02
5,3334.604,1.6400e+02
6,3337.870,1.6400e+02
7,3345.880,1.6400e+02
8,3348.768,1.6300e+02
9,3350.924,1.6300e+02
10,3351.228,1.6300e+02
11,3358.602,1.6300e+02
12,3360.998,1.6300e+02
13,3365.338,1.6300e+02
14,3366.517,1.6300e+02
15,3367.713,1.6300e+02
16,3371.796,1.6300e+02
17,3372.823,1.6300e+02
18,3373.492,1.6300e+02
19,3374.975,1.6300e+02
20,3376.436,1.6300e+02
21,3378.573,1.6300e+02
22,3380.859,1.6200e+02
23,3386.500,1.6200e+02
24,3387.920,1.6200e+02
25,3388.531,1.6200e+02
26,3389.550,1.6200e+02
27,3392.035,1.6200e+02
28,3396.727,1.6200e+02
29,3397.516,1.6200e+02
30,3398.544,1.6200e+02
31,3401.711,1.6200e+02
32,3402.695,1.6200e+02
33,3405.558,1.6200e+02
34,3408.750,1.6200e+02
35,3410.075,1.6200e+02
36,3413.013,1.6200e+02
37,3414.460,1.6200e+02
38,3415.884,1.6200e+02
39,3417.497,1.6100e+02
40,3421.210,1.6100e+02
41,3422.656,1.6100e+02
42,3423.989,1.6100e+02
43,3428.999,1.6100e+02
44,3433.998,1.6100e+02
45,3434.727,1.6100e+02
46,3435.977,1.6100e+02
47,3436.727,1.6100e+02
48,3437.307,1.6100e+02
49,3439.398,1.6100e+02
50,3442.579,1.6100e+02
51,3445.217,1.6100e+02
52,3445.744,1.6100e+02
53,3446.547,1.6100e+02
54,3449.125,1.6100e+02
55,3449.644,1.6100e+02
56,3451.702,1.6000e+02
57,3454.095,1.6000e+02
58,3457.069,1.6000e+02
59,3461.100,1.6000e+02
60,3462.850,1.6000e+02
61,3464.127,1.6000e+02
62,3465.765,1.6000e+02
63,3466.604,1.6000e+02
64,3468.219,1.6000e+02
65,3469.345,1.6000e+02
66,3469.920,1.6000e+02
67,3471.218,1.6000e+02
68,3471.959,1.6000e+02
69,3476.747,1.6000e+02
70,3478.232,1.6000e+02
71,3479.172,1.6000e+02
72,3479.684,1.6000e+02
73,3480.052,1.6000e+02
74,3480.506,1.6000e+02
75,3482.761,1.6000e+02
76,3485.212,1.6000e+02
77,3486.551,1.5900e+02
78,3489.507,1.5900e+02
79,3491.536,1.5900e+02
80,3493.518,1.5900e+02
81,3495.699,1.5900e+02
82,3496.810,1.5900e+02
83,3498.009,1.5900e+02
84,3498.621,1.5900e+02
85,3499.986,1.5900e+02
86,3501.866,1.5900e+02
87,3502.779,1.5900e+02
88,3503.786,1.5900e+02
89,3507.546,1.5900e+02
90,3509.779,1.5900e+02
91,3511.157,1.5900e+02
92,3511.562,1.5900e+02
93,3514.388,1.5900e+02
94,3518.404,1.5900e+02
95,3518.886,1.5900e+02
96,3520.000,1.5900e+02
97,3521.270,1.5900e+02
98,3521.914,1.5900e+02
99,3521.978,1.5900e+02
100,3523.506,1.5900e+02
101,3526.634,1.5900e+02
102,3528.411,1.5800e+02
103,3528.954,1.5800e+02
104,3530.515,1.5800e+02
105,3531.450,1.5800e+02
106,3535.320,1.5800e+02
107,3536.011,1.5800e+02
108,3537.159,1.5800e+02
109,3539.587,1.5800e+02
110,3542.498,1.5800e+02
111,3543.148,1.5800e+02
112,3544.018,1.5800e+02
113,3545.596,1.5800e+02
114,3545.845,1.5800e+02
115,3547.338,1.5800e+02
116,3548.514,1.5800e+02
117,3549.596,1.5800e+02
118,3550.718,1.5800e+02
119,3551.402,1.5800e+02
120,3553.110,1.5800e+02
121,3554.306,1.5800e+02
122,3555.013,1.5800e+02
123,3555.704,1.5800e+02
124,3556.904,1.5800e+02
125,3557.464,1.5800e+02
126,3559.508,1.5800e+02
127,3559.995,1.5800e+02
128,3561.030,1.5800e+02
129,3561.781,1.5800e+02
130,3562.193,1.5800e+02
131,3563.375,1.5800e+02
132,3564.333,1.5700e+02
133,3565.030,1.5700e+02
134,3567.263,1.5700e+02
135,3569.820,1.5700e+02
136,3570.357,1.5700e+02
137,3572.392,1.5700e+02
138,3573.219,1.5700e+02
139,3575.322,1.5700e+02
140,3576.557,1.5700e+02
141,3576.616,1.5700e+02
142,3579.336,1.5700e+02
143,3579.457,1.5700e+02
144,3581.608,1.5700e+02
145,3582.355,1.5700e+02
146,3583.102,1.5700e+02
147,3584.175,1.5700e+02
148,3588.441,1.5700e+02
149,3589.360,1.5700e+02
150,3589.749,1.5700e+02
151,3590.925,1.5700e+02
152,3591.452,1.5700e+02
153,3592.779,1.5700e+02
154,3593.882,1.5700e+02
155,3594.985,1.5700e+02
156,3595.617,1.5700e+02
157,3597.495,1.5700e+02
158,3598.120,1.5700e+02
159,3599.724,1.5700e+02
160,3600.432,1.5700e+02
161,3601.034,1.5700e+02
162,3603.204,1.5700e+02
163,3604.682,1.5600e+02
164,3605.193,1.5600e+02
165,3605.879,1.5600e+02
166,3606.522,1.5600e+02
167,3608.378,1.5600e+02
168,3609.445,1.5600e+02
169,3610.522,1.5600e+02
170,3612.427,1.5600e+02
171,3612.866,1.5600e+02
172,3614.272,1.5600e+02
173,3615.132,1.5600e+02
174,3615.850,1.5600e+02
175,3617.117,1.5600e+02
176,3617.671,1.5600e+02
177,3618.363,1.5600e+02
178,3619.212,1.5600e+02
179,3620.324,1.5600e+02
180,3620.838,1.5600e+02
181,3621.118,1.5600e+02
182,3622.138,1.5600e+02
183,3622.795,1.5600e+02
184,3623.772,1.5600e+02
185,3624.472,1.5600e+02
186,3624.895,1.5600e+02
187,3625.628,1.5600e+02
188,3626.939,1.5600e+02
189,3629.850,1.5600e+02
190,3632.683,1.5600e+02
191,3632.830,1.5600e+02
192,3634.582,1.5600e+02
193,3635.943,1.5600e+02
194,3636.834,1.5600e+02
195,3637.031,1.5600e+02
196,3638.319,1.5600e+02
197,3638.644,1.5600e+02
198,3639.447,1.5600e+02
199,3639.833,1.5600e+02
200,3642.249,1.5500e+02
201,3643.512,1.5500e+02
202,3645.706,1.5500e+02
203,3647.645,1.5500e+02
204,3648.421,1.5500e+02
205,3649.249,1.5500e+02
206,3649.735,1.5500e+02
207,3649.832,1.5500e+02
208,3650.766,1.5500e+02
209,3650.890,1.5500e+02
210,3652.168,1.5500e+02
211,3654.461,1.5500e+02
212,3655.278,1.5500e+02
213,3656.050,1.5500e+02
214,3656.693,1.5500e+02
215,3657.642,1.5500e+02
216,3658.063,1.5500e+02
217,3658.808,1.5500e+02
218,3659.629,1.5500e+02
219,3660.437,1.5500e+02
220,3661.621,1.5500e+02
221,3662.750,1.5500e+02
222,3663.202,1.5500e+02
223,3663.702,1.5500e+02
224,3666.981,1.5500e+02
225,3668.139,1.5500e+02
226,3669.640,1.5500e+02
227,3669.968,1.5500e+02
228,3671.539,1.5500e+02
229,3672.300,1.5500e+02
230,3673.260,1.5500e+02
231,3673.793,1.5500e+02
232,3674.014,1.5500e+02
233,3674.903,1.5500e+02
234,3675.137,1.5500e+02
235,3675.567,1.5500e+02
236,3678.048,1.5500e+02
237,3678.270,1.5400e+02
238,3678.480,1.5400e+02
239,3679.134,1.5400e+02
240,3679.710,1.5400e+02
241,3680.061,1.5400e+02
242,3680.447,1.5400e+02
243,3682.486,1.5400e+02
244,3682.545,1.5400e+02
245,3684.933,1.5400e+02
246,3687.984,1.5400e+02
247,3688.760,1.5400e+02
248,3690.623,1.5400e+02
249,3691.411,1.5400e+02
250,3691.876,1.5400e+02
251,3692.566,1.5400e+02
252,3694.178,1.5400e+02
253,3695.289,1.5400e+02
254,3695.974,1.5400e+02
255,3697.743,1.5400e+02
256,3698.106,1.5400e+02
257,3699.181,1.5400e+02
258,3699.880,1.5400e+02
259,3700.978,1.5400e+02
260,3703.230,1.5400e+02
261,3703.774,1.5400e+02
262,3704.861,1.5400e+02
263,3706.767,1.5400e+02
264,3709.862,1.5400e+02
265,3711.304,1.5400e+02
266,3711.623,1.5400e+02
267,3712.559,1.5400e+02
268,3715.560,1.5400e+02
269,3716.583,1.5400e+02
270,3718.207,1.5400e+02
271,3719.434,1.5400e+02
272,3719.836,1.5400e+02
273,3720.306,1.5400e+02
274,3721.215,1.5300e+02
275,3721.825,1.5300e+02
276,3723.656,1.5300e+02
277,3724.517,1.5300e+02
278,3725.393,1.5300e+02
279,3726.724,1.5300e+02
280,3727.902,1.5300e+02
281,3729.309,1.5200e+02
282,3730.368,1.5200e+02
283,3730.748,1.5200e+02
284,3732.985,1.5200e+02
285,3733.672,1.5200e+02
286,3734.597,1.5200e+02
287,3737.512,1.5200e+02
288,3737.889,1.5200e+02
289,3741.183,1.5200e+02
290,3742.923,1.5200e+02
291,3745.659,1.5200e+02
292,3745.970,1.5200e+02
293,3747.539,1.5200e+02
294,3749.084,1.5200e+02
295,3749.618,1.5200e+02
296,3751.022,1.5200e+02
297,3752.569,1.5200e+02
298,3754.593,1.5200e+02
299,3755.212,1.5200e+02
300,3756.294,1.5200e+02
301,3757.694,1.5100e+02
302,3758.467,1.5100e+02
303,3759.316,1.5100e+02
304,3761.469,1.5100e+02
305,3762.933,1.5100e+02
306,3765.270,1.5100e+02
307,3766.261,1.5100e+02
308,3767.901,1.5100e+02
309,3769.585,1.5100e+02
310,3770.056,1.5100e+02
311,3770.540,1.5100e+02
312,3771.370,1.5100e+02
313,3772.650,1.5100e+02
314,3776.271,1.5100e+02
315,3780.966,1.5000e+02
316,3783.012,1.5000e+02
317,3783.296,1.5000e+02
318,3784.575,1.5000e+02
319,3785.600,1.5000e+02
320,3789.167,1.5000e+02
321,3790.355,1.5000e+02
322,3790.794,1.5000e+02
323,3792.374,1.5000e+02
324,3794.698,1.5000e+02
325,3795.385,1.5000e+02
326,3797.207,1.5000e+02
327,3798.103,1.5000e+02
328,3800.198,1.5000e+02
329,3801.491,1.5000e+02
330,3803.075,1.5000e+02
331,3803.984,1.5000e+02
332,3805.820,1.5000e+02
333,3807.874,1.4900e+02
334,3809.490,1.4900e+02
335,3810.995,1.4900e+02
336,3813.067,1.4900e+02
337,3815.566,1.4900e+02
338,3818.685,1.4900e+02
339,3820.792,1.4900e+02
340,3821.431,1.4900e+02
341,3822.146,1.4900e+02
342,3823.067,1.4900e+02
343,3825.111,1.4900e+02
344,3825.700,1.4900e+02
345,3826.369,1.4900e+02
346,3826.830,1.4900e+02
347,3828.384,1.4900e+02
348,3830.060,1.4900e+02
349,3830.773,1.4900e+02
350,3831.640,1.4900e+02
351,3833.086,1.4900e+02
352,3834.679,1.4900e+02
353,3836.572,1.4900e+02
354,3837.875,1.4900e+02
355,3839.700,1.4800e+02
356,3840.800,1.4800e+02
357,3841.960,1.4800e+02
358,3842.896,1.4800e+02
359,3845.420,1.4800e+02
360,3846.887,1.4800e+02
361,3849.183,1.4800e+02
362,3850.570,1.4800e+02
363,3852.135,1.4800e+02
364,3854.510,1.4700e+02
365,3856.354,1.4700e+02
366,3859.839,1.4700e+02
367,3862.421,1.4700e+02
368,3863.406,1.4700e+02
369,3866.909,1.4700e+02
370,3868.530,1.4700e+02
371,3869.663,1.4700e+02
372,3872.722,1.4700e+02
373,3873.148,1.4700e+02
374,3873.474,1.4700e+02
375,3873.822,1.4700e+02
376,3874.243,1.4700e+02
377,3874.862,1.4700e+02
378,3875.373,1.4700e+02
379,3877.463,1.4700e+02
380,3878.662,1.4700e+02
381,3879.644,1.4700e+02
382,3884.822,1.4700e+02
383,3886.916,1.4600e+02
384,3891.970,1.4600e+02
385,3893.652,1.4600e+02
386,3895.419,1.4600e+02
387,3898.437,1.4600e+02
388,3900.878,1.4600e+02
389,3901.662,1.4600e+02
390,3903.102,1.4600e+02
391,3905.186,1.4600e+02
392,3908.749,1.4600e+02
393,3910.977,1.4600e+02
394,3911.909,1.4600e+02
395,3913.081,1.4600e+02
396,3914.760,1.4500e+02
397,3915.848,1.4500e+02
398,3916.417,1.4500e+02
399,3917.269,1.4500e+02
400,3918.070,1.4500e+02
401,3919.023,1.4500e+02
402,3920.442,1.4500e+02
403,3923.799,1.4500e+02
404,3925.093,1.4500e+02
405,3925.720,1.4500e+02
406,3927.421,1.4500e+02
407,3928.620,1.4500e+02
408,3929.669,1.4500e+02
409,3931.256,1.4500e+02
410,3932.550,1.4500e+02
411,3932.911,1.4500e+02
412,3933.661,1.4500e+02
413,3934.274,1.4500e+02
414,3936.353,1.4500e+02
415,3937.040,1.4500e+02
416,3937.923,1.4500e+02
417,3938.614,1.4500e+02
418,3942.073,1.4500e+02
419,3942.556,1.4500e+02
420,3943.394,1.4400e+02
421,3944.270,1.4400e+02
422,3945.135,1.4400e+02
423,3946.100,1.4400e+02
424,3947.331,1.4400e+02
425,3947.504,1.4400e+02
426,3948.030,1.4400e+02
427,3948.979,1.4400e+02
428,3950.395,1.4400e+02
429,3951.515,1.4400e+02
430,3952.740,1.4400e+02
431,3955.170,1.4400e+02
432,3955.890,1.4400e+02
433,3956.690,1.4400e+02
434,3959.300,1.4400e+02
435,3960.269,1.4400e+02
436,3961.521,1.4400e+02
437,3962.419,1.4400e+02
438,3964.030,1.4400e+02
439,3967.392,1.4400e+02
440,3968.467,1.4400e+02
441,3969.002,1.4400e+02
442,3969.664,1.4400e+02
443,3972.154,1.4300e+02
444,3972.639,1.4300e+02
445,3973.196,1.4300e+02
446,3974.480,1.4300e+02
447,3976.414,1.4300e+02
448,3979.360,1.4300e+02
449,3980.089,1.4300e+02
450,3981.106,1.4300e+02
451,3984.879,1.4300e+02
452,3987.206,1.4300e+02
453,3988.027,1.4300e+02
454,3988.599,1.4300e+02
455,3990.492,1.4300e+02
456,3991.730,1.4300e+02
457,3994.549,1.4300e+02
458,3996.061,1.4200e+02
459,3996.668,1.4200e+02
460,3997.865,1.4200e+02
461,3998.733,1.4200e+02
462,4000.281,1.4200e+02
463,4001.058,1.4200e+02
464,4001.893,1.4200e+02
465,4003.308,1.4200e+02
466,4005.092,1.4200e+02
467,4007.018,1.4200e+02
468,4008.210,1.4200e+02
469,4009.057,1.4200e+02
470,4009.819,1.4200e+02
471,4011.739,1.4200e+02
472,4012.495,1.4200e+02
473,4013.870,1.4200e+02
474,4014.716,1.4200e+02
475,4017.063,1.4200e+02
476,4018.099,1.4200e+02
477,4019.129,1.4100e+02
478,4020.354,1.4100e+02
479,4022.076,1.4100e+02
480,4023.338,1.4100e+02
481,4024.802,1.4100e+02
482,4025.655,1.4100e+02
483,4026.147,1.4100e+02
484,4027.009,1.4100e+02
485,4029.657,1.4100e+02
486,4029.825,1.4100e+02
487,4030.292,1.4100e+02
488,4030.842,1.4100e+02
489,4032.595,1.4100e+02
490,4033.862,1.4100e+02
491,4035.470,1.4100e+02
492,4036.048,1.4100e+02
493,4036.565,1.4100e+02
494,4039.864,1.4100e+02
495,4041.203,1.4100e+02
496,4042.910,1.4100e+02
497,4043.394,1.4100e+02
498,4044.418,1.4100e+02
499,4048.287,1.4100e+02
500,4049.944,1.4100e+02
501,4050.887,1.4000e+02
502,4052.940,1.4000e+02
503,4053.527,1.4000e+02
504,4059.253,1.4000e+02
505,4063.407,1.4000e+02
506,4064.331,1.4000e+02
507,4067.450,1.4000e+02
508,4069.201,1.4000e+02
509,4069.461,1.4000e+02
510,4070.238,1.4000e+02
511,4072.010,1.4000e+02
512,4072.400,1.4000e+02
513,4073.856,1.4000e+02
514,4075.503,1.4000e+02
515,4076.640,1.4000e+02
516,4076.960,1.4000e+02
517,4079.600,1.3900e+02
518,4080.670,1.3900e+02
519,4081.367,1.3900e+02
520,4082.400,1.3900e+02
521,4083.468,1.3900e+02
522,4085.042,1.3900e+02
523,4085.434,1.3900e+02
524,4086.520,1.3900e+02
525,4087.284,1.3900e+02
526,4088.726,1.3900e+02
527,4089.137,1.3900e+02
528,4094.747,1.3900e+02
529,4096.076,1.3900e+02
530,4097.150,1.3900e+02
531,4097.747,1.3900e+02
532,4100.341,1.3900e+02
533,4102.617,1.3900e+02
534,4103.910,1.3900e+02
535,4105.337,1.3900e+02
536,4107.050,1.3900e+02
537,4107.853,1.3800e+02
538,4108.419,1.3800e+02
539,4109.323,1.3800e+02
540,4110.826,1.3800e+02
541,4112.754,1.3800e+02
542,4115.759,1.3800e+02
543,4116.713,1.3800e+02
544,4123.572,1.3800e+02
545,4127.412,1.3800e+02
546,4128.650,1.3800e+02
547,4131.002,1.3800e+02
548,4131.712,1.3800e+02
549,4131.730,1.3800e+02
550,4132.753,1.3800e+02
551,4134.068,1.3800e+02
552,4135.480,1.3800e+02
553,4136.285,1.3800e+02
554,4136.395,1.3800e+02
555,4136.436,1.3800e+02
556,4138.040,1.3700e+02
557,4140.235,1.3700e+02
558,4142.701,1.3700e+02
559,4143.649,1.3700e+02
560,4148.181,1.3700e+02
561,4149.987,1.3700e+02
562,4154.720,1.3700e+02
563,4156.110,1.3700e+02
564,4156.516,1.3700e+02
565,4157.280,1.3700e+02
566,4157.395,1.3700e+02
567,4158.590,1.3700e+02
568,4161.738,1.3700e+02
569,4162.509,1.3700e+02
570,4164.179,1.3700e+02
571,4165.766,1.3700e+02
572,4168.634,1.3600e+02
573,4170.533,1.3600e+02
574,4178.059,1.3600e+02
575,4179.253,1.3600e+02
576,4179.715,1.3600e+02
577,4181.883,1.3600e+02
578,4184.137,1.3600e+02
579,4189.561,1.3600e+02
580,4190.712,1.3600e+02
581,4191.028,1.3600e+02
582,4192.362,1.3600e+02
583,4193.016,1.3600e+02
584,4194.936,1.3600e+02
585,4198.317,1.3500e+02
586,4200.675,1.3500e+02
587,4201.846,1.3500e+02
588,4204.041,1.3500e+02
589,4208.411,1.3500e+02
590,4208.890,1.3500e+02
591,4210.004,1.3500e+02
592,4210.923,1.3500e+02
593,4213.067,1.3500e+02
594,4214.828,1.3500e+02
595,4216.069,1.3500e+02
596,4217.450,1.3500e+02
597,4218.690,1.3500e+02
598,4220.068,1.3500e+02
599,4222.670,1.3500e+02
600,4223.440,1.3500e+02
601,4223.564,1.3500e+02
602,4223.593,1.3500e+02
603,4226.299,1.3400e+02
604,4226.726,1.3400e+02
605,4227.020,1.3400e+02
606,4227.387,1.3400e+02
607,4228.180,1.3400e+02
608,4229.147,1.3400e+02
609,4229.890,1.3400e+02
610,4230.426,1.3400e+02
611,4235.463,1.3400e+02
612,4237.230,1.3400e+02
613,4241.094,1.3400e+02
614,4247.988,1.3400e+02
615,4248.390,1.3400e+02
616,4250.314,1.3400e+02
617,4251.185,1.3400e+02
618,4253.538,1.3400e+02
619,4255.237,1.3400e+02
620,4255.751,1.3400e+02
621,4255.797,1.3400e+02
622,4256.253,1.3400e+02
623,4257.496,1.3400e+02
624,4258.520,1.3400e+02
625,4259.361,1.3400e+02
626,4260.333,1.3400e+02
627,4266.286,1.3400e+02
628,4269.942,1.3300e+02
629,4272.168,1.3300e+02
630,4272.874,1.3300e+02
631,4273.357,1.3300e+02
632,4274.024,1.3300e+02
633,4275.190,1.3300e+02
634,4276.807,1.3300e+02
635,4277.314,1.3300e+02
636,4277.550,1.3300e+02
637,4278.323,1.3300e+02
638,4280.568,1.3300e+02
639,4281.067,1.3300e+02
640,4281.414,1.3300e+02
641,4282.041,1.3300e+02
642,4282.900,1.3300e+02
643,4283.009,1.3300e+02
644,4283.518,1.3300e+02
645,4286.228,1.3300e+02
646,4288.668,1.3300e+02
647,4291.809,1.3200e+02
648,4294.719,1.3200e+02
649,4297.306,1.3200e+02
650,4297.990,1.3200e+02
651,4299.635,1.3200e+02
652,4299.839,1.3200e+02
653,4300.100,1.3200e+02
654,4300.660,1.3200e+02
655,4304.956,1.3200e+02
656,4306.366,1.3200e+02
657,4307.176,1.3200e+02
658,4308.122,1.3200e+02
659,4308.600,1.3200e+02
660,4309.250,1.3200e+02
661,4309.940,1.3200e+02
662,4311.799,1.3200e+02
663,4312.997,1.3200e+02
664,4314.319,1.3200e+02
665,4315.254,1.3200e+02
666,4318.415,1.3200e+02
667,4320.126,1.3200e+02
668,4325.274,1.3200e+02
669,4328.915,1.3200e+02
670,4330.843,1.3200e+02
671,4331.250,1.3100e+02
672,4332.060,1.3100e+02
673,4333.560,1.3100e+02
674,4335.337,1.3100e+02
675,4335.709,1.3100e+02
676,4337.277,1.3100e+02
677,4338.107,1.3100e+02
678,4340.895,1.3100e+02
679,4342.444,1.3100e+02
680,4343.951,1.3100e+02
681,4344.326,1.3100e+02
682,4345.167,1.3100e+02
683,4345.851,1.3100e+02
684,4346.436,1.3100e+02
685,4348.110,1.3100e+02
686,4349.072,1.3100e+02
687,4352.230,1.3100e+02
688,4352.612,1.3100e+02
689,4353.448,1.3100e+02
690,4354.482,1.3100e+02
691,4358.320,1.3100e+02
692,4359.372,1.3100e+02
693,4362.070,1.3000e+02
694,4363.794,1.3000e+02
695,4365.930,1.3000e+02
696,4367.870,1.3000e+02
697,4369.494,1.3000e+02
698,4369.875,1.3000e+02
699,4370.760,1.3000e+02
700,4371.360,1.3000e+02
701,4374.124,1.3000e+02
702,4374.785,1.3000e+02
703,4375.960,1.3000e+02
704,4378.176,1.3000e+02
705,4379.740,1.3000e+02
706,4381.402,1.3000e+02
707,4381.860,1.3000e+02
708,4384.656,1.3000e+02
709,4385.080,1.3000e+02
710,4387.787,1.3000e+02
711,4391.110,1.3000e+02
712,4392.974,1.3000e+02
713,4393.759,1.3000e+02
714,4397.915,1.3000e+02
715,4400.090,1.3000e+02
716,4401.020,1.2900e+02
717,4401.581,1.2900e+02
718,4402.927,1.2900e+02
719,4404.910,1.2900e+02
720,4408.482,1.2900e+02
721,4408.883,1.2900e+02
722,4412.739,1.2900e+02
723,4412.893,1.2900e+02
724,4414.486,1.2900e+02
725,4416.237,1.2900e+02
726,4416.844,1.2900e+02
727,4420.900,1.2900e+02
728,4422.048,1.2900e+02
729,4423.720,1.2900e+02
730,4426.010,1.2800e+02
731,4430.180,1.2800e+02
732,4431.020,1.2800e+02
733,4432.252,1.2800e+02
734,4432.963,1.2800e+02
735,4433.830,1.2800e+02
736,4438.746,1.2800e+02
737,4439.123,1.2800e+02
738,4439.480,1.2800e+02
739,4440.324,1.2800e+02
740,4440.866,1.2800e+02
741,4441.608,1.2800e+02
742,4443.665,1.2800e+02
743,4445.033,1.2800e+02
744,4445.315,1.2800e+02
745,4445.901,1.2800e+02
746,4447.834,1.2800e+02
747,4448.554,1.2800e+02
748,4448.880,1.2800e+02
749,4450.793,1.2800e+02
750,4452.565,1.2800e+02
751,4458.001,1.2800e+02
752,4460.530,1.2700e+02
753,4461.241,1.2700e+02
754,4461.527,1.2700e+02
755,4463.666,1.2700e+02
756,4465.340,1.2700e+02
757,4469.525,1.2700e+02
758,4470.990,1.2700e+02
759,4474.770,1.2700e+02
760,4475.221,1.2700e+02
761,4478.595,1.2700e+02
762,4479.637,1.2700e+02
763,4480.822,1.2700e+02
764,4481.830,1.2700e+02
765,4482.169,1.2700e+02
766,4483.346,1.2700e+02
767,4485.713,1.2700e+02
768,4486.897,1.2700e+02
769,4487.495,1.2700e+02
770,4488.312,1.2700e+02
771,4488.680,1.2700e+02
772,4489.664,1.2700e+02
773,4490.990,1.2700e+02
774,4493.333,1.2600e+02
775,4497.914,1.2600e+02
776,4498.550,1.2600e+02
777,4498.940,1.2600e+02
778,4499.983,1.2600e+02
779,4502.950,1.2600e+02
780,4505.216,1.2600e+02
781,4506.494,1.2600e+02
782,4510.526,1.2600e+02
783,4510.733,1.2600e+02
784,4513.223,1.2600e+02
785,4513.680,1.2600e+02
786,4515.118,1.2600e+02
787,4516.064,1.2600e+02
788,4519.259,1.2600e+02
789,4521.194,1.2500e+02
790,4522.323,1.2500e+02
791,4530.570,1.2500e+02
792,4532.257,1.2500e+02
793,4533.077,1.2500e+02
794,4533.237,1.2500e+02
795,4533.304,1.2500e+02
796,4534.120,1.2500e+02
797,4535.254,1.2500e+02
798,4537.144,1.2500e+02
799,4537.670,1.2500e+02
800,4540.999,1.2500e+02
801,4544.514,1.2500e+02
802,4545.080,1.2500e+02
803,4545.915,1.2500e+02
804,4547.249,1.2500e+02
805,4547.780,1.2500e+02
806,4552.153,1.2500e+02
807,4555.812,1.2500e+02
808,4558.346,1.2500e+02
809,4561.347,1.2500e+02
810,4563.661,1.2500e+02
811,4567.240,1.2400e+02
812,4568.142,1.2400e+02
813,4570.972,1.2400e+02
814,4577.823,1.2400e+02
815,4579.390,1.2400e+02
816,4579.827,1.2400e+02
817,4581.173,1.2400e+02
818,4588.426,1.2400e+02
819,4589.930,1.2400e+02
820,4592.666,1.2400e+02
821,4593.643,1.2400e+02
822,4595.420,1.2400e+02
823,4596.097,1.2300e+02
824,4598.770,1.2300e+02
825,4603.144,1.2300e+02
826,4607.934,1.2300e+02
827,4608.620,1.2300e+02
828,4609.600,1.2300e+02
829,4611.859,1.2300e+02
830,4612.543,1.2300e+02
831,4613.604,1.2300e+02
832,4615.024,1.2300e+02
833,4615.334,1.2300e+02
834,4619.479,1.2300e+02
835,4621.163,1.2300e+02
836,4628.298,1.2300e+02
837,4628.441,1.2300e+02
838,4631.761,1.2300e+02
839,4633.765,1.2300e+02
840,4637.250,1.2200e+02
841,4638.685,1.2200e+02
842,4640.046,1.2200e+02
843,4641.253,1.2200e+02
844,4644.707,1.2200e+02
845,4646.686,1.2200e+02
846,4647.251,1.2200e+02
847,4650.234,1.2200e+02
848,4651.555,1.2200e+02
849,4651.989,1.2200e+02
850,4655.212,1.2200e+02
851,4657.940,1.2200e+02
852,4659.570,1.2200e+02
853,4663.202,1.2200e+02
854,4666.005,1.2200e+02
855,4666.798,1.2200e+02
856,4668.171,1.2200e+02
857,4669.984,1.2200e+02
858,4673.660,1.2100e+02
859,4676.055,1.2100e+02
860,4680.237,1.2100e+02
861,4680.646,1.2100e+02
862,4683.351,1.2100e+02
863,4686.194,1.2100e+02
864,4689.251,1.2100e+02
865,4690.622,1.2100e+02
866,4691.635,1.2100e+02
867,4694.091,1.2100e+02
868,4695.038,1.2100e+02
869,4695.454,1.2100e+02
870,4700.771,1.2100e+02
871,4702.316,1.2100e+02
872,4703.360,1.2100e+02
873,4703.989,1.2100e+02
874,4705.760,1.2100e+02
875,4706.251,1.2100e+02
876,4708.294,1.2100e+02
877,4712.481,1.2100e+02
878,4712.840,1.2100e+02
879,4720.458,1.2100e+02
880,4721.276,1.2100e+02
881,4721.620,1.2100e+02
882,4722.088,1.2000e+02
883,4723.438,1.2000e+02
884,4723.784,1.2000e+02
885,4724.772,1.2000e+02
886,4726.910,1.2000e+02
887,4728.133,1.2000e+02
888,4729.128,1.2000e+02
889,4732.080,1.2000e+02
890,4735.930,1.2000e+02
891,4739.676,1.2000e+02
892,4740.529,1.2000e+02
893,4740.952,1.2000e+02
894,4742.117,1.2000e+02
895,4743.687,1.2000e+02
896,4745.337,1.2000e+02
897,4749.200,1.2000e+02
898,4749.971,1.2000e+02
899,4752.414,1.2000e+02
900,4758.128,1.1900e+02
901,4764.346,1.1900e+02
902,4764.890,1.1900e+02
903,4765.595,1.1900e+02
904,4766.600,1.1900e+02
905,4773.241,1.1900e+02
906,4774.259,1.1900e+02
907,4775.794,1.1900e+02
908,4777.191,1.1900e+02
909,4778.294,1.1900e+02
910,4779.728,1.1900e+02
911,4782.761,1.1900e+02
912,4783.861,1.1900e+02
913,4786.531,1.1900e+02
914,4787.148,1.1900e+02
915,4789.386,1.1900e+02
916,4793.244,1.1900e+02
917,4795.913,1.1900e+02
918,4806.070,1.1800e+02
919,4808.133,1.1800e+02
920,4809.614,1.1800e+02
921,4812.375,1.1800e+02
922,4813.007,1.1800e+02
923,4813.720,1.1800e+02
924,4813.896,1.1800e+02
925,4817.020,1.1800e+02
926,4818.647,1.1800e+02
927,4819.193,1.1800e+02
928,4820.464,1.1800e+02
929,4820.884,1.1800e+02
930,4821.587,1.1800e+02
931,4822.854,1.1800e+02
932,4823.606,1.1800e+02
933,4823.996,1.1800e+02
934,4826.700,1.1800e+02
935,4829.797,1.1800e+02
936,4831.121,1.1800e+02
937,4831.597,1.1800e+02
938,4832.802,1.1800e+02
939,4833.178,1.1800e+02
940,4840.843,1.1700e+02
941,4843.941,1.1700e+02
942,4845.162,1.1700e+02
943,4847.900,1.1700e+02
944,4848.362,1.1700e+02
945,4849.140,1.1700e+02
946,4850.439,1.1700e+02
947,4852.868,1.1700e+02
948,4858.332,1.1700e+02
949,4861.216,1.1700e+02
950,4861.717,1.1700e+02
951,4863.172,1.1700e+02
952,4865.477,1.1700e+02
953,4865.910,1.1700e+02
954,4867.590,1.1700e+02
955,4868.881,1.1700e+02
956,4871.289,1.1700e+02
957,4872.917,1.1700e+02
958,4874.364,1.1700e+02
959,4876.260,1.1700e+02
960,4878.009,1.1700e+02
961,4878.733,1.1700e+02
962,4879.900,1.1600e+02
963,4881.204,1.1600e+02
964,4882.250,1.1600e+02
965,4887.947,1.1600e+02
966,4889.060,1.1600e+02
967,4889.490,1.1600e+02
968,4892.760,1.1600e+02
969,4893.445,1.1600e+02
970,4894.955,1.1600e+02
971,4898.459,1.1600e+02
972,4899.240,1.1600e+02
973,4902.054,1.1600e+02
974,4902.770,1.1600e+02
975,4904.750,1.1600e+02
976,4910.156,1.1600e+02
977,4910.793,1.1600e+02
978,4911.378,1.1600e+02
979,4912.529,1.1600e+02
980,4919.815,1.1500e+02
981,4920.623,1.1500e+02
982,4921.613,1.1500e+02
983,4925.950,1.1500e+02
984,4927.780,1.1500e+02
985,4929.086,1.1500e+02
986,4933.240,1.1500e+02
987,4933.852,1.1500e+02
988,4936.774,1.1500e+02
989,4937.829,1.1500e+02
990,4939.642,1.1500e+02
991,4943.064,1.1500e+02
992,4945.458,1.1500e+02
993,4946.663,1.1500e+02
994,4947.575,1.1500e+02
995,4950.251,1.1500e+02
996,4950.626,1.1500e+02
997,4954.660,1.1500e+02
998,4960.423,1.1500e+02
999,4961.726,1.1500e+02
1000,4965.120,1.1500e+02
1001,4965.731,1.1500e+02
1002,4968.755,1.1500e+02
1003,4970.063,1.1400e+02
1004,4972.177,1.1400e+02
1005,4980.186,1.1400e+02
1006,4982.487,1.1400e+02
1007,4985.372,1.1400e+02
1008,4987.147,1.1400e+02
1009,4989.308,1.1400e+02
1010,4993.749,1.1400e+02
1011,5002.097,1.1400e+02
1012,5003.598,1.1400e+02
1013,5004.127,1.1400e+02
1014,5009.350,1.1400e+02
1015,5015.889,1.1400e+02
1016,5017.160,1.1400e+02
1017,5017.254,1.1300e+02
1018,5019.324,1.1300e+02
1019,5019.806,1.1300e+02
1020,5022.005,1.1300e+02
1021,5028.655,1.1300e+02
1022,5029.891,1.1300e+02
1023,5039.230,1.1300e+02
1024,5041.122,1.1300e+02
1025,5044.719,1.1300e+02
1026,5045.248,1.1300e+02
1027,5047.043,1.1300e+02
1028,5048.813,1.1300e+02
1029,5048.936,1.1300e+02
1030,5049.796,1.1300e+02
1031,5050.784,1.1300e+02
1032,5051.888,1.1200e+02
1033,5055.347,1.1200e+02
1034,5057.986,1.1200e+02
1035,5058.361,1.1200e+02
1036,5059.861,1.1200e+02
1037,5061.656,1.1200e+02
1038,5062.070,1.1200e+02
1039,5062.932,1.1200e+02
1040,5064.602,1.1200e+02
1041,5064.945,1.1200e+02
1042,5066.135,1.1200e+02
1043,5066.773,1.1200e+02
1044,5067.973,1.1200e+02
1045,5069.338,1.1200e+02
1046,5081.440,1.1200e+02
1047,5085.020,1.1200e+02
1048,5085.295,1.1200e+02
1049,5090.550,1.1200e+02
1050,5094.106,1.1200e+02
1051,5095.064,1.1200e+02
1052,5096.484,1.1200e+02
1053,5098.043,1.1200e+02
1054,5098.931,1.1200e+02
1055,5098.970,1.1200e+02
1056,5100.621,1.1100e+02
1057,5101.129,1.1100e+02
1058,5111.278,1.1100e+02
1059,5113.382,1.1100e+02
1060,5115.044,1.1100e+02
1061,5118.200,1.1100e+02
1062,5122.499,1.1100e+02
1063,5125.489,1.1100e+02
1064,5125.950,1.1100e+02
1065,5128.489,1.1100e+02
1066,5134.746,1.1100e+02
1067,5137.473,1.1100e+02
1068,5140.773,1.1100e+02
1069,5141.810,1.1100e+02
1070,5143.267,1.1100e+02
1071,5143.916,1.1100e+02
1072,5145.360,1.1000e+02
1073,5148.211,1.1000e+02
1074,5151.612,1.1000e+02
1075,5154.243,1.1000e+02
1076,5158.604,1.1000e+02
1077,5159.620,1.1000e+02
1078,5160.710,1.1000e+02
1079,5161.539,1.1000e+02
1080,5162.284,1.1000e+02
1081,5163.458,1.1000e+02
1082,5165.820,1.1000e+02
1083,5168.586,1.1000e+02
1084,5168.922,1.1000e+02
1085,5173.671,1.1000e+02
1086,5175.324,1.1000e+02
1087,5175.911,1.1000e+02
1088,5176.280,1.1000e+02
1089,5176.403,1.1000e+02
1090,5176.961,1.1000e+02
1091,5177.623,1.1000e+02
1092,5183.989,1.1000e+02
1093,5184.453,1.1000e+02
1094,5186.413,1.1000e+02
1095,5187.337,1.1000e+02
1096,5187.467,1.1000e+02
1097,5187.746,1.1000e+02
1098,5190.872,1.1000e+02
1099,5193.825,1.1000e+02
1100,5194.020,1.0900e+02
1101,5194.457,1.0900e+02
1102,5195.813,1.0900e+02
1103,5198.800,1.0900e+02
1104,5199.163,1.0900e+02
1105,5203.848,1.0900e+02
1106,5205.152,1.0900e+02
1107,5206.495,1.0900e+02
1108,5209.724,1.0900e+02
1109,5211.230,1.0900e+02
1110,5213.349,1.0900e+02
1111,5216.596,1.0900e+02
1112,5218.527,1.0900e+02
1113,5219.109,1.0900e+02
1114,5220.926,1.0900e+02
1115,5221.270,1.0900e+02
1116,5228.224,1.0900e+02
1117,5231.159,1.0900e+02
1118,5233.225,1.0900e+02
1119,5234.107,1.0900e+02
1120,5237.903,1.0900e+02
1121,5238.813,1.0800e+02
1122,5239.552,1.0800e+02
1123,5240.196,1.0800e+02
1124,5247.196,1.0800e+02
1125,5247.654,1.0800e+02
1126,5252.786,1.0800e+02
1127,5254.259,1.0800e+02
1128,5258.360,1.0800e+02
1129,5260.104,1.0800e+02
1130,5261.472,1.0800e+02
1131,5266.710,1.0800e+02
1132,5269.792,1.0800e+02
1133,5273.131,1.0800e+02
1134,5274.118,1.0800e+02
1135,5277.500,1.0800e+02
1136,5281.068,1.0800e+02
1137,5291.816,1.0800e+02
1138,5294.397,1.0700e+02
1139,5296.278,1.0700e+02
1140,5297.743,1.0700e+02
1141,5298.282,1.0700e+02
1142,5300.523,1.0700e+02
1143,5301.404,1.0700e+02
1144,5303.483,1.0700e+02
1145,5305.770,1.0700e+02
1146,5306.986,1.0700e+02
1147,5307.465,1.0700e+02
1148,5310.266,1.0700e+02
1149,5312.002,1.0700e+02
1150,5312.528,1.0700e+02
1151,5312.904,1.0700e+02
1152,5317.494,1.0700e+02
1153,5320.770,1.0700e+02
1154,5322.898,1.0700e+02
1155,5325.143,1.0700e+02
1156,5326.277,1.0700e+02
1157,5326.975,1.0600e+02
1158,5329.374,1.0600e+02
1159,5330.080,1.0600e+02
1160,5340.498,1.0600e+02
1161,5343.581,1.0600e+02
1162,5347.971,1.0600e+02
1163,5351.126,1.0600e+02
1164,5351.836,1.0600e+02
1165,5355.636,1.0600e+02
1166,5358.706,1.0600e+02
1167,5359.827,1.0600e+02
1168,5360.150,1.0600e+02
1169,5361.155,1.0600e+02
1170,5362.575,1.0600e+02
1171,5369.282,1.0600e+02
1172,5369.447,1.0600e+02
1173,5370.709,1.0600e+02
1174,5372.702,1.0600e+02
1175,5374.822,1.0600e+02
1176,5375.352,1.0600e+02
1177,5376.130,1.0600e+02
1178,5376.780,1.0600e+02
1179,5379.110,1.0600e+02
1180,5382.927,1.0600e+02
1181,5384.301,1.0600e+02
1182,5386.610,1.0600e+02
1183,5388.050,1.0600e+02
1184,5390.440,1.0500e+02
1185,5392.572,1.0500e+02
1186,5393.972,1.0500e+02
1187,5394.760,1.0500e+02
1188,5398.701,1.0500e+02
1189,5398.922,1.0500e+02
1190,5399.010,1.0500e+02
1191,5399.174,1.0500e+02
1192,5400.145,1.0500e+02
1193,5402.690,1.0500e+02
1194,5403.199,1.0500e+02
1195,5407.653,1.0500e+02
1196,5410.768,1.0500e+02
1197,5415.491,1.0500e+02
1198,5417.485,1.0500e+02
1199,5421.346,1.0500e+02
1200,5421.836,1.0500e+02
1201,5424.008,1.0500e+02
1202,5425.678,1.0500e+02
1203,5426.407,1.0500e+02
1204,5431.112,1.0500e+02
1205,5434.151,1.0500e+02
1206,5435.892,1.0400e+02
1207,5437.387,1.0400e+02
1208,5439.970,1.0400e+02
1209,5440.601,1.0400e+02
1210,5443.118,1.0400e+02
1211,5443.210,1.0400e+02
1212,5447.153,1.0400e+02
1213,5449.478,1.0400e+02
1214,5451.650,1.0400e+02
1215,5452.218,1.0400e+02
1216,5457.370,1.0400e+02
1217,5458.967,1.0400e+02
1218,5461.735,1.0400e+02
1219,5464.205,1.0400e+02
1220,5470.759,1.0400e+02
1221,5473.440,1.0400e+02
1222,5474.865,1.0400e+02
1223,5479.075,1.0400e+02
1224,5484.146,1.0400e+02
1225,5488.628,1.0400e+02
1226,5492.643,1.0400e+02
1227,5493.204,1.0300e+02
1228,5494.330,1.0300e+02
1229,5495.872,1.0300e+02
1230,5499.255,1.0300e+02
1231,5499.647,1.0300e+02
1232,5501.281,1.0300e+02
1233,5504.301,1.0300e+02
1234,5506.112,1.0300e+02
1235,5507.538,1.0300e+02
1236,5508.558,1.0300e+02
1237,5509.993,1.0300e+02
1238,5514.873,1.0300e+02
1239,5518.989,1.0300e+02
1240,5524.582,1.0300e+02
1241,5524.930,1.0300e+02
1242,5527.295,1.0300e+02
1243,5528.227,1.0300e+02
1244,5537.130,1.0300e+02
1245,5537.556,1.0300e+02
1246,5538.608,1.0300e+02
1247,5539.262,1.0300e+02
1248,5539.910,1.0300e+02
1249,5541.581,1.0300e+02
1250,5542.890,1.0300e+02
1251,5548.175,1.0300e+02
1252,5551.372,1.0300e+02
1253,5552.623,1.0300e+02
1254,5554.070,1.0300e+02
1255,5557.045,1.0200e+02
1256,5558.342,1.0200e+02
1257,5558.702,1.0200e+02
1258,5559.891,1.0200e+02
1259,5564.201,1.0200e+02
1260,5567.998,1.0200e+02
1261,5571.191,1.0200e+02
1262,5572.465,1.0200e+02
1263,5573.353,1.0200e+02
1264,5576.204,1.0200e+02
1265,5577.700,1.0200e+02
1266,5579.358,1.0200e+02
1267,5580.077,1.0200e+02
1268,5580.754,1.0200e+02
1269,5583.762,1.0200e+02
1270,5587.026,1.0200e+02
1271,5588.750,1.0200e+02
1272,5593.613,1.0200e+02
1273,5595.063,1.0200e+02
1274,5595.846,1.0200e+02
1275,5597.460,1.0200e+02
1276,5599.654,1.0200e+02
1277,5601.603,1.0200e+02
1278,5602.852,1.0200e+02
1279,5604.515,1.0100e+02
1280,5606.386,1.0100e+02
1281,5606.732,1.0100e+02
1282,5609.573,1.0100e+02
1283,5610.104,1.0100e+02
1284,5610.231,1.0100e+02
1285,5610.680,1.0100e+02
1286,5612.068,1.0100e+02
1287,5615.319,1.0100e+02
1288,5619.975,1.0100e+02
1289,5630.297,1.0100e+02
1290,5632.872,1.0100e+02
1291,5633.295,1.0100e+02
1292,5639.746,1.0100e+02
1293,5641.734,1.0100e+02
1294,5645.668,1.0100e+02
1295,5646.451,1.0100e+02
1296,5648.991,1.0100e+02
1297,5650.703,1.0100e+02
1298,5657.925,1.0000e+02
1299,5659.130,1.0000e+02
1300,5664.621,1.0000e+02
1301,5665.180,1.0000e+02
1302,5665.628,1.0000e+02
1303,5667.128,1.0000e+02
1304,5674.986,1.0000e+02
1305,5677.053,1.0000e+02
1306,5679.005,1.0000e+02
1307,5681.900,1.0000e+02
1308,5685.192,1.0000e+02
1309,5691.710,1.0000e+02
1310,5700.458,1.0000e+02
1311,5700.917,1.0000e+02
1312,5702.651,1.0000e+02
1313,5707.103,1.0000e+02
1314,5717.171,1.0000e+02
1315,5719.623,1.0000e+02
1316,5720.183,9.9000e+01
1317,5724.253,9.9000e+01
1318,5724.463,9.9000e+01
1319,5725.388,9.9000e+01
1320,5732.975,9.9000e+01
1321,5736.029,9.9000e+01
1322,5739.517,9.9000e+01
1323,5741.170,9.9000e+01
1324,5741.829,9.9000e+01
1325,5748.741,9.9000e+01
1326,5749.388,9.9000e+01
1327,5753.026,9.9000e+01
1328,5760.550,9.9000e+01
1329,5762.794,9.9000e+01
1330,5763.529,9.9000e+01
1331,5767.778,9.9000e+01
1332,5768.181,9.8000e+01
1333,5771.760,9.8000e+01
1334,5772.116,9.8000e+01
1335,5773.946,9.8000e+01
1336,5777.400,9.8000e+01
1337,5781.658,9.8000e+01
1338,5782.289,9.8000e+01
1339,5789.645,9.8000e+01
1340,5792.430,9.8000e+01
1341,5796.068,9.8000e+01
1342,5796.418,9.8000e+01
1343,5797.319,9.8000e+01
1344,5798.478,9.8000e+01
1345,5800.829,9.8000e+01
1346,5802.082,9.8000e+01
1347,5804.141,9.8000e+01
1348,5807.681,9.8000e+01
1349,5812.972,9.8000e+01
1350,5815.422,9.8000e+01
1351,5822.793,9.8000e+01
1352,5830.827,9.8000e+01
1353,5832.370,9.8000e+01
1354,5834.263,9.8000e+01
1355,5838.950,9.8000e+01
1356,5840.640,9.7000e+01
1357,5843.807,9.7000e+01
1358,5845.918,9.7000e+01
1359,5852.680,9.7000e+01
1360,5853.474,9.7000e+01
1361,5854.120,9.7000e+01
1362,5859.668,9.7000e+01
1363,5860.315,9.7000e+01
1364,5863.718,9.7000e+01
1365,5866.811,9.7000e+01
1366,5868.374,9.7000e+01
1367,5869.850,9.7000e+01
1368,5870.552,9.7000e+01
1369,5871.182,9.7000e+01
1370,5882.625,9.7000e+01
1371,5885.701,9.7000e+01
1372,5886.531,9.6000e+01
1373,5888.592,9.6000e+01
1374,5889.953,9.6000e+01
1375,5891.451,9.6000e+01
1376,5894.698,9.6000e+01
1377,5895.281,9.6000e+01
1378,5899.844,9.6000e+01
1379,5904.159,9.6000e+01
1380,5905.570,9.6000e+01
1381,5908.935,9.6000e+01
1382,5911.229,9.6000e+01
1383,5912.084,9.6000e+01
1384,5914.671,9.6000e+01
1385,5916.728,9.6000e+01
1386,5918.944,9.6000e+01
1387,5922.802,9.6000e+01
1388,5925.403,9.6000e+01
1389,5926.232,9.6000e+01
1390,5927.130,9.6000e+01
1391,5928.805,9.6000e+01
1392,5929.480,9.6000e+01
1393,5929.934,9.6000e+01
1394,5934.409,9.6000e+01
1395,5934.461,9.6000e+01
1396,5936.386,9.6000e+01
1397,5937.162,9.6000e+01
1398,5937.663,9.6000e+01
1399,5938.825,9.6000e+01
1400,5942.668,9.6000e+01
1401,5944.647,9.5000e+01
1402,5948.799,9.5000e+01
1403,5949.260,9.5000e+01
1404,5955.561,9.5000e+01
1405,5959.673,9.5000e+01
1406,5962.056,9.5000e+01
1407,5969.737,9.5000e+01
1408,5971.590,9.5000e+01
1409,5973.664,9.5000e+01
1410,5975.064,9.5000e+01
1411,5981.900,9.5000e+01
1412,5986.266,9.5000e+01
1413,5987.289,9.5000e+01
1414,5989.044,9.5000e+01
1415,5991.007,9.5000e+01
1416,5994.128,9.5000e+01
1417,5996.629,9.5000e+01
1418,5999.000,9.5000e+01
1419,6000.762,9.5000e+01
1420,6001.203,9.5000e+01
1421,6005.165,9.5000e+01
1422,6005.740,9.5000e+01
1423,6007.072,9.5000e+01
1424,6010.160,9.5000e+01
1425,6011.533,9.5000e+01
1426,6013.680,9.5000e+01
1427,6015.422,9.4000e+01
1428,6021.035,9.4000e+01
1429,6023.224,9.4000e+01
1430,6025.140,9.4000e+01
1431,6030.445,9.4000e+01
1432,6032.124,9.4000e+01
1433,6032.872,9.4000e+01
1434,6033.413,9.4000e+01
1435,6035.192,9.4000e+01
1436,6037.697,9.4000e+01
1437,6038.680,9.4000e+01
1438,6042.589,9.4000e+01
1439,6043.230,9.4000e+01
1440,6044.432,9.4000e+01
1441,6049.051,9.4000e+01
1442,6052.721,9.4000e+01
1443,6053.380,9.4000e+01
1444,6055.593,9.4000e+01
1445,6059.373,9.4000e+01
1446,6061.536,9.4000e+01
1447,6065.779,9.4000e+01
1448,6069.020,9.4000e+01
1449,6073.103,9.4000e+01
1450,6077.105,9.4000e+01
1451,6077.872,9.4000e+01
1452,6078.421,9.4000e+01
1453,6079.222,9.3000e+01
1454,6085.374,9.3000e+01
1455,6087.262,9.3000e+01
1456,6088.030,9.3000e+01
1457,6090.760,9.3000e+01
1458,6098.120,9.3000e+01
1459,6099.083,9.3000e+01
1460,6101.160,9.3000e+01
1461,6101.725,9.3000e+01
1462,6102.594,9.3000e+01
1463,6103.560,9.3000e+01
1464,6103.641,9.3000e+01
1465,6104.568,9.3000e+01
1466,6105.645,9.3000e+01
1467,6107.533,9.3000e+01
1468,6112.837,9.3000e+01
1469,6114.920,9.3000e+01
1470,6116.166,9.3000e+01
1471,6119.699,9.3000e+01
1472,6120.556,9.3000e+01
1473,6121.407,9.3000e+01
1474,6122.214,9.3000e+01
1475,6123.380,9.3000e+01
1476,6124.480,9.3000e+01
1477,6125.739,9.3000e+01
1478,6127.380,9.3000e+01
1479,6129.545,9.3000e+01
1480,6137.926,9.3000e+01
1481,6138.670,9.3000e+01
1482,6145.430,9.3000e+01
1483,6150.683,9.3000e+01
1484,6151.993,9.2000e+01
1485,6154.068,9.2000e+01
1486,6154.516,9.2000e+01
1487,6155.581,9.2000e+01
1488,6157.087,9.2000e+01
1489,6161.353,9.2000e+01
1490,6162.170,9.2000e+01
1491,6164.479,9.2000e+01
1492,6169.822,9.2000e+01
1493,6172.280,9.2000e+01
1494,6173.106,9.2000e+01
1495,6178.431,9.2000e+01
1496,6180.705,9.2000e+01
1497,6182.621,9.2000e+01
1498,6184.778,9.2000e+01
1499,6188.125,9.2000e+01
1500,6191.905,9.2000e+01
1501,6193.856,9.2000e+01
1502,6198.222,9.2000e+01
1503,6203.492,9.2000e+01
1504,6205.860,9.2000e+01
1505,6207.220,9.2000e+01
1506,6208.686,9.2000e+01
1507,6212.507,9.1000e+01
1508,6215.945,9.1000e+01
1509,6220.011,9.1000e+01
1510,6221.319,9.1000e+01
1511,6224.527,9.1000e+01
1512,6226.369,9.1000e+01
1513,6232.974,9.1000e+01
1514,6234.855,9.1000e+01
1515,6240.953,9.1000e+01
1516,6243.130,9.1000e+01
1517,6248.400,9.1000e+01
1518,6250.485,9.1000e+01
1519,6257.423,9.1000e+01
1520,6258.606,9.1000e+01
1521,6261.064,9.1000e+01
1522,6261.418,9.1000e+01
1523,6266.173,9.1000e+01
1524,6271.544,9.0000e+01
1525,6274.116,9.0000e+01
1526,6274.164,9.0000e+01
1527,6277.238,9.0000e+01
1528,6279.166,9.0000e+01
1529,6285.278,9.0000e+01
1530,6287.255,9.0000e+01
1531,6291.191,9.0000e+01
1532,6293.242,9.0000e+01
1533,6296.876,9.0000e+01
1534,6300.916,9.0000e+01
1535,6303.250,9.0000e+01
1536,6307.662,9.0000e+01
1537,6309.140,9.0000e+01
1538,6310.810,9.0000e+01
1539,6315.775,9.0000e+01
1540,6317.182,9.0000e+01
1541,6321.820,9.0000e+01
1542,6324.450,9.0000e+01
1543,6326.367,9.0000e+01
1544,6327.277,9.0000e+01
1545,6331.413,9.0000e+01
1546,6337.620,9.0000e+01
1547,6339.668,9.0000e+01
1548,6342.859,9.0000e+01
1549,6348.737,9.0000e+01
1550,6355.910,8.9000e+01
1551,6369.139,8.9000e+01
1552,6369.577,8.9000e+01
1553,6371.943,8.9000e+01
1554,6376.930,8.9000e+01
1555,6379.673,8.9000e+01
1556,6384.719,8.9000e+01
1557,6387.395,8.9000e+01
1558,6399.230,8.9000e+01
1559,6406.446,8.9000e+01
1560,6411.899,8.9000e+01
1561,6413.614,8.9000e+01
1562,6416.315,8.8000e+01
1563,6431.570,8.8000e+01
1564,6437.761,8.8000e+01
1565,6439.071,8.8000e+01
1566,6441.950,8.8000e+01
1567,6443.890,8.8000e+01
1568,6446.771,8.8000e+01
1569,6450.006,8.8000e+01
1570,6450.955,8.8000e+01
1571,6457.282,8.8000e+01
1572,6462.595,8.8000e+01
1573,6466.560,8.8000e+01
1574,6483.100,8.8000e+01
1575,6487.441,8.8000e+01
1576,6488.883,8.8000e+01
1577,6490.737,8.7000e+01
1578,6493.197,8.7000e+01
1579,6493.777,8.7000e+01
1580,6501.992,8.7000e+01
1581,6503.511,8.7000e+01
1582,6506.986,8.7000e+01
1583,6509.050,8.7000e+01
1584,6512.364,8.7000e+01
1585,6513.840,8.7000e+01
1586,6522.043,8.7000e+01
1587,6531.341,8.7000e+01
1588,6537.614,8.7000e+01
1589,6538.115,8.7000e+01
1590,6545.718,8.7000e+01
1591,6551.705,8.7000e+01
1592,6554.160,8.7000e+01
1593,6558.875,8.7000e+01
1594,6569.632,8.7000e+01
1595,6576.122,8.7000e+01
1596,6577.214,8.6000e+01
1597,6577.656,8.6000e+01
1598,6580.229,8.6000e+01
1599,6583.906,8.6000e+01
1600,6584.613,8.6000e+01
1601,6588.539,8.6000e+01
1602,6591.484,8.6000e+01
1603,6593.462,8.6000e+01
1604,6593.939,8.6000e+01
1605,6596.100,8.6000e+01
1606,6599.482,8.6000e+01
1607,6604.853,8.6000e+01
1608,6605.416,8.6000e+01
1609,6613.374,8.6000e+01
1610,6617.058,8.6000e+01
1611,6617.515,8.6000e+01
1612,6618.166,8.6000e+01
1613,6619.946,8.6000e+01
1614,6638.240,8.6000e+01
1615,6638.912,8.6000e+01
1616,6639.720,8.6000e+01
1617,6643.790,8.6000e+01
1618,6644.663,8.5000e+01
1619,6646.540,8.5000e+01
1620,6648.495,8.5000e+01
1621,6648.958,8.5000e+01
1622,6658.677,8.5000e+01
1623,6660.640,8.5000e+01
1624,6662.268,8.5000e+01
1625,6664.020,8.5000e+01
1626,6666.360,8.5000e+01
1627,6668.816,8.5000e+01
1628,6673.579,8.5000e+01
1629,6674.697,8.5000e+01
1630,6677.282,8.5000e+01
1631,6678.706,8.5000e+01
1632,6683.367,8.5000e+01
1633,6684.360,8.5000e+01
1634,6687.520,8.5000e+01
1635,6692.726,8.5000e+01
1636,6694.496,8.5000e+01
1637,6696.140,8.5000e+01
1638,6697.712,8.5000e+01
1639,6698.850,8.5000e+01
1640,6704.051,8.5000e+01
1641,6711.252,8.5000e+01
1642,6713.970,8.5000e+01
1643,6717.385,8.5000e+01
1644,6719.200,8.5000e+01
1645,6727.458,8.4000e+01
1646,6728.118,8.4000e+01
1647,6728.759,8.4000e+01
1648,6733.748,8.4000e+01
1649,6742.884,8.4000e+01
1650,6752.832,8.4000e+01
1651,6754.300,8.4000e+01
1652,6756.453,8.4000e+01
1653,6757.109,8.4000e+01
1654,6758.203,8.4000e+01
1655,6765.669,8.4000e+01
1656,6766.560,8.4000e+01
1657,6772.174,8.4000e+01
1658,6778.312,8.4000e+01
1659,6780.125,8.4000e+01
1660,6780.413,8.4000e+01
1661,6787.736,8.4000e+01
1662,6788.840,8.4000e+01
1663,6791.235,8.4000e+01
1664,6809.100,8.4000e+01
1665,6809.509,8.4000e+01
1666,6818.260,8.3000e+01
1667,6823.508,8.3000e+01
1668,6824.677,8.3000e+01
1669,6827.240,8.3000e+01
1670,6829.035,8.3000e+01
1671,6834.924,8.3000e+01
1672,6851.860,8.3000e+01
1673,6853.523,8.3000e+01
1674,6854.109,8.3000e+01
1675,6861.300,8.3000e+01
1676,6863.520,8.3000e+01
1677,6866.366,8.3000e+01
1678,6866.763,8.3000e+01
1679,6868.450,8.3000e+01
1680,6871.290,8.3000e+01
1681,6874.753,8.3000e+01
1682,6879.590,8.3000e+01
1683,6882.811,8.3000e+01
1684,6886.408,8.3000e+01
1685,6886.570,8.3000e+01
1686,6887.100,8.3000e+01
1687,6888.170,8.3000e+01
1688,6889.303,8.2000e+01
1689,6909.849,8.2000e+01
1690,6911.226,8.2000e+01
1691,6916.128,8.2000e+01
1692,6937.666,8.2000e+01
1693,6942.538,8.2000e+01
1694,6943.610,8.2000e+01
1695,6945.490,8.2000e+01
1696,6948.205,8.2000e+01
1697,6951.460,8.2000e+01
1698,6954.656,8.2000e+01
1699,6965.430,8.2000e+01
1700,6989.655,8.1000e+01
1701,6992.170,8.1000e+01
1702,6993.037,8.1000e+01
1703,7000.803,8.1000e+01
1704,7002.883,8.1000e+01
1705,7018.567,8.1000e+01
1706,7030.262,8.1000e+01
1707,7036.283,8.1000e+01
1708,7045.797,8.1000e+01
1709,7053.619,8.1000e+01
1710,7058.489,8.1000e+01
1711,7060.041,8.1000e+01
1712,7060.653,8.1000e+01
1713,7064.451,8.1000e+01
1714,7067.217,8.1000e+01
1715,7068.730,8.0000e+01
1716,7072.394,8.0000e+01
1717,7075.333,8.0000e+01
1718,7084.169,8.0000e+01
1719,7086.700,8.0000e+01
1720,7089.339,8.0000e+01
1721,7100.514,8.0000e+01
1722,7107.496,8.0000e+01
1723,7109.860,8.0000e+01
1724,7114.398,8.0000e+01
1725,7122.044,8.0000e+01
1726,7124.560,8.0000e+01
1727,7125.800,8.0000e+01
1728,7130.184,8.0000e+01
1729,7132.100,8.0000e+01
1730,7142.331,8.0000e+01
1731,7147.041,7.9000e+01
1732,7148.559,7.9000e+01
1733,7150.284,7.9000e+01
1734,7154.762,7.9000e+01
1735,7154.953,7.9000e+01
1736,7156.941,7.9000e+01
1737,7158.830,7.9000e+01
1738,7159.947,7.9000e+01
1739,7162.570,7.9000e+01
1740,7168.895,7.9000e+01
1741,7173.372,7.9000e+01
1742,7191.133,7.9000e+01
1743,7200.045,7.9000e+01
1744,7206.483,7.9000e+01
1745,7206.986,7.9000e+01
1746,7208.006,7.9000e+01
1747,7212.689,7.9000e+01
1748,7218.054,7.9000e+01
1749,7219.151,7.9000e+01
1750,7229.930,7.9000e+01
1751,7230.862,7.9000e+01
1752,7233.580,7.9000e+01
1753,7242.092,7.8000e+01
1754,7244.696,7.8000e+01
1755,7246.127,7.8000e+01
1756,7255.354,7.8000e+01
1757,7256.986,7.8000e+01
1758,7258.177,7.8000e+01
1759,7270.660,7.8000e+01
1760,7272.936,7.8000e+01
1761,7284.903,7.8000e+01
1762,7285.440,7.8000e+01
1763,7288.980,7.8000e+01
1764,7296.265,7.8000e+01
1765,7298.143,7.8000e+01
1766,7305.404,7.8000e+01
1767,7308.641,7.8000e+01
1768,7311.710,7.8000e+01
1769,7315.066,7.8000e+01
1770,7316.000,7.8000e+01
1771,7324.807,7.8000e+01
1772,7328.285,7.8000e+01
1773,7329.491,7.7000e+01
1774,7335.577,7.7000e+01
1775,7341.151,7.7000e+01
1776,7342.576,7.7000e+01
1777,7350.780,7.7000e+01
1778,7353.316,7.7000e+01
1779,7372.118,7.7000e+01
1780,7376.877,7.7000e+01
1781,7383.980,7.7000e+01
1782,7392.970,7.7000e+01
1783,7402.252,7.7000e+01
1784,7411.736,7.7000e+01
1785,7412.310,7.7000e+01
1786,7417.790,7.7000e+01
1787,7418.550,7.7000e+01
1788,7421.827,7.7000e+01
1789,7422.260,7.7000e+01
1790,7425.240,7.7000e+01
1791,7428.940,7.7000e+01
1792,7430.253,7.6000e+01
1793,7435.330,7.6000e+01
1794,7436.250,7.6000e+01
1795,7447.801,7.6000e+01
1796,7455.208,7.6000e+01
1797,7461.874,7.6000e+01
1798,7471.180,7.6000e+01
1799,7481.354,7.6000e+01
1800,7483.625,7.6000e+01
1801,7484.240,7.6000e+01
1802,7487.973,7.6000e+01
1803,7489.614,7.6000e+01
1804,7503.867,7.6000e+01
1805,7510.420,7.6000e+01
1806,7511.349,7.6000e+01
1807,7511.790,7.6000e+01
1808,7514.651,7.6000e+01
1809,7523.134,7.6000e+01
1810,7525.508,7.6000e+01
1811,7549.313,7.5000e+01
1812,7565.851,7.5000e+01
1813,7567.741,7.5000e+01
1814,7569.511,7.5000e+01
1815,7585.743,7.5000e+01
1816,7589.330,7.5000e+01
1817,7598.205,7.5000e+01
1818,7607.823,7.5000e+01
1819,7618.330,7.5000e+01
1820,7625.705,7.5000e+01
1821,7627.175,7.5000e+01
1822,7628.860,7.5000e+01
1823,7630.310,7.5000e+01
1824,7635.105,7.4000e+01
1825,7647.379,7.4000e+01
1826,7652.320,7.4000e+01
1827,7653.828,7.4000e+01
1828,7654.699,7.4000e+01
1829,7658.324,7.4000e+01
1830,7660.890,7.4000e+01
1831,7670.040,7.4000e+01
1832,7678.126,7.4000e+01
1833,7685.307,7.4000e+01
1834,7697.924,7.4000e+01
1835,7704.810,7.4000e+01
1836,7710.269,7.4000e+01
1837,7713.937,7.4000e+01
1838,7724.206,7.4000e+01
1839,7731.738,7.4000e+01
1840,7782.316,7.3000e+01
1841,7788.934,7.3000e+01
1842,7798.358,7.3000e+01
1843,7814.330,7.3000e+01
1844,7817.770,7.3000e+01
1845,7834.457,7.3000e+01
1846,7840.457,7.3000e+01
1847,7841.791,7.2000e+01
1848,7847.539,7.2000e+01
1849,7861.910,7.2000e+01
1850,7865.969,7.2000e+01
1851,7868.200,7.2000e+01
1852,7886.283,7.2000e+01
1853,7891.075,7.2000e+01
1854,7900.320,7.2000e+01
1855,7916.450,7.2000e+01
1856,7937.733,7.2000e+01
1857,7941.726,7.2000e+01
1858,7948.175,7.2000e+01
1859,7978.973,7.1000e+01
1860,7987.973,7.1000e+01
1861,8006.156,7.1000e+01
1862,8014.786,7.1000e+01
1863,8022.201,7.1000e+01
1864,8022.330,7.1000e+01
1865,8032.431,7.1000e+01
1866,8037.230,7.1000e+01
1867,8046.130,7.1000e+01
1868,8053.307,7.1000e+01
1869,8062.630,7.1000e+01
1870,8066.826,7.0000e+01
1871,8068.742,7.0000e+01
1872,8075.652,7.0000e+01
1873,8079.680,7.0000e+01
1874,8085.219,7.0000e+01
1875,8093.623,7.0000e+01
1876,8103.692,7.0000e+01
1877,8115.311,7.0000e+01
1878,8122.723,7.0000e+01
1879,8129.405,7.0000e+01
1880,8138.475,7.0000e+01
1881,8143.138,7.0000e+01
1882,8159.727,7.0000e+01
1883,8169.786,7.0000e+01
1884,8178.840,7.0000e+01
1885,8186.911,6.9000e+01
1886,8202.147,6.9000e+01
1887,8203.201,6.9000e+01
1888,8231.406,6.9000e+01
1889,8252.393,6.9000e+01
1890,8254.742,6.9000e+01
1891,8259.511,6.9000e+01
1892,8263.924,6.9000e+01
1893,8264.521,6.9000e+01
1894,8275.626,6.9000e+01
1895,8320.855,6.8000e+01
1896,8330.450,6.8000e+01
1897,8332.210,6.8000e+01
1898,8358.726,6.8000e+01
1899,8367.393,6.8000e+01
1900,8369.340,6.8000e+01
1901,8408.208,6.8000e+01
1902,8416.727,6.8000e+01
1903,8417.998,6.8000e+01
1904,8421.225,6.8000e+01
1905,8424.647,6.8000e+01
1906,8445.487,6.7000e+01
1907,8446.511,6.7000e+01
1908,8464.236,6.7000e+01
1909,8471.826,6.7000e+01
1910,8478.358,6.7000e+01
1911,8490.300,6.7000e+01
1912,8510.624,6.7000e+01
1913,8516.554,6.7000e+01
1914,8521.441,6.7000e+01
1915,8554.944,6.6000e+01
1916,8573.120,6.6000e+01
1917,8605.780,6.6000e+01
1918,8620.470,6.6000e+01
1919,8639.441,6.6000e+01
1920,8667.943,6.6000e+01
1921,8678.430,6.5000e+01
1922,8709.234,6.5000e+01
1923,8732.424,6.5000e+01
1924,8748.031,6.5000e+01
1925,8749.169,6.5000e+01
1926,8758.243,6.5000e+01
1927,8760.449,6.5000e+01
1928,8761.720,6.5000e+01
1929,8766.745,6.5000e+01
1930,8771.880,6.5000e+01
1931,8772.805,6.5000e+01
1932,8775.573,6.5000e+01
1933,8784.590,6.5000e+01
1934,8841.183,6.4000e+01
1935,8849.970,6.4000e+01
1936,8852.791,6.4000e+01
1937,8868.833,6.4000e+01
1938,8892.986,6.4000e+01
1939,8949.122,6.4000e+01
1940,8962.190,6.3000e+01
1941,8967.640,6.3000e+01
1942,8997.876,6.3000e+01
1943,9016.590,6.3000e+01
1944,9017.590,6.3000e+01
1945,9031.819,6.3000e+01
1946,9037.893,6.3000e+01
1947,9045.353,6.3000e+01
1948,9048.250,6.3000e+01
1949,9053.485,6.3000e+01
1950,9063.960,6.3000e+01
1951,9075.420,6.3000e+01
1952,9122.966,6.2000e+01
1953,9194.680,6.2000e+01
1954,9224.498,6.2000e+01
1955,9291.580,6.1000e+01
1956,9354.218,6.1000e+01
